AngleInfo:
  adjusted_mean: 1.3277582029831847
  mean: 358.9981447124304
  variance: 270.37915782093415
Entropy: 0.1750431762162057
MapSize: 64000.0
MaxEntropy: 2.321928094887362
MinObsDis: 0.223606797749979
NumObs: 82
OccupancyRatio: 0.018512500000000043
