AngleInfo:
  adjusted_mean: 0.18247720293358685
  mean: 351.6279069767442
  variance: 1926.9689655683746
Entropy: 0.3084169970197497
MapSize: 4000.0
MaxEntropy: 2.321928094887362
MinObsDis: 0.223606797749979
NumObs: 41
OccupancyRatio: 0.036775
